0.093 00437.00 47
0.401 00437.00 47
0.731 00438.00 47
1.060 00438.00 47
1.373 00438.00 47
1.703 00438.00 47
2.027 00438.00 47
2.340 00439.00 47
2.609 00440.00 47
2.933 00440.00 47
3.263 00440.00 47
3.576 00440.00 47
3.906 00440.00 47
4.230 00442.00 47
4.559 00442.00 47
4.872 00442.00 47
5.202 00443.00 47
5.526 00443.00 47
5.839 00443.00 47
6.169 00444.00 47
6.498 00445.00 47
6.812 00445.00 47
7.136 00444.00 47
7.465 00441.00 47
7.839 00438.00 47
8.168 00439.00 47
8.465 00000.00 0
8.789 00000.00 0
9.108 00000.00 0
9.294 00462.00 47
9.608 00460.00 47
9.937 00457.00 47
10.311 00455.00 47
10.640 00454.00 47
10.948 00453.00 47
11.277 00454.00 47
11.547 00456.00 47
11.871 00457.00 47
12.200 00458.00 47
12.513 00457.00 47
12.843 00458.00 47
13.167 00460.00 47
13.480 00461.00 47
13.810 00462.00 47
14.139 00463.00 47
14.403 00464.00 47
14.716 00464.00 47
15.046 00465.00 47
15.370 00467.00 47
15.683 00468.00 47
16.013 00469.00 47
16.342 00470.00 47
16.655 00470.00 47
16.979 00471.00 47
17.309 00472.00 47
17.578 00473.00 47
17.902 00475.00 47
18.215 00476.00 47
18.545 00478.00 47
18.875 00479.00 47
19.182 00480.00 47
19.512 00481.00 47
19.841 00482.00 47
20.105 00483.00 47
20.418 00485.00 47
20.748 00486.00 47
21.077 00488.00 47
21.390 00489.00 47
21.714 00490.00 47
21.984 00492.00 47
22.308 00493.00 47
22.637 00495.00 47
22.950 00497.00 47
23.280 00498.00 47
23.604 00500.00 47
23.917 00501.00 47
24.186 00503.00 47
24.510 00505.00 47
24.840 00507.00 47
25.153 00508.00 47
25.483 00510.00 47
25.812 00510.00 47
26.136 00512.00 47
26.406 00514.00 47
26.730 00516.00 47
27.059 00518.00 47
27.372 00520.00 47
27.702 00522.00 47
27.966 00524.00 47
28.295 00526.00 47
28.625 00528.00 47
28.949 00530.00 47
29.262 00532.00 47
29.592 00534.00 47
29.855 00536.00 47
30.185 00538.00 47
30.515 00540.00 47
30.839 00542.00 47
31.152 00546.00 47
31.437 00548.00 47
31.745 00550.00 47
32.075 00552.00 47
32.404 00556.00 47
32.734 00558.00 47
32.997 00560.00 47
33.327 00564.00 47
33.640 00566.00 47
33.964 00568.00 47
34.294 00570.00 47
34.557 00572.00 47
34.887 00576.00 47
35.217 00580.00 47
35.530 00582.00 47
35.859 00584.00 47
36.123 00586.00 47
36.453 00590.00 47
36.777 00592.00 47
37.106 00596.00 47
37.370 00600.00 47
37.700 00602.00 47
38.013 00606.00 47
38.342 00608.00 47
38.672 00612.00 47
38.936 00616.00 47
39.265 00620.00 47
39.589 00622.00 47
39.902 00626.00 47
40.232 00630.00 47
40.496 00634.00 47
40.825 00636.00 47
41.155 00640.00 47
41.484 00644.00 47
41.748 00648.00 47
42.078 00652.00 47
42.385 00656.00 47
42.715 00660.00 47
43.044 00664.00 47
43.308 00668.00 47
43.638 00672.00 47
43.967 00676.00 47
44.280 00682.00 47
44.561 00686.00 47
44.874 00692.00 47
45.198 00696.00 47
45.527 00700.00 47
45.797 00706.00 47
46.121 00710.00 47
46.450 00716.00 47
46.763 00720.00 47
47.043 00726.00 47
47.357 00730.00 47
47.686 00736.00 47
48.010 00740.00 47
48.279 00746.00 47
48.609 00752.00 47
48.933 00758.00 47
49.246 00764.00 47
49.526 00770.00 47
49.839 00778.00 47
50.169 00784.00 47
50.499 00792.00 47
50.762 00802.00 47
52.092 00578.00 47
52.333 00000.00 0
52.405 00572.00 47
52.795 00570.00 47
53.124 00570.00 47
53.438 00568.00 47
53.762 00566.00 47
54.091 00566.00 47
54.421 00566.00 47
54.734 00564.00 47
55.058 00564.00 47
55.388 00564.00 47
55.717 00566.00 47
56.047 00568.00 47
56.354 00568.00 47
56.684 00570.00 47
56.953 00574.00 47
57.277 00578.00 47
57.590 00582.00 47
57.870 00586.00 47
58.788 00000.00 0
59.112 00000.00 0
59.420 00716.00 47
59.431 00000.00 0
59.755 00000.00 0
60.079 00000.00 0
60.721 00000.00 0
61.046 00000.00 0
61.370 00000.00 0
61.688 00000.00 0
62.012 00000.00 0
62.661 00000.00 0
62.699 00421.00 47
62.979 00000.00 0
63.627 00000.00 0
63.946 00000.00 0
64.061 00378.00 47
64.270 00000.00 0
64.594 00000.00 0
64.918 00000.00 0
65.561 00429.00 47
65.561 00000.00 0
65.885 00000.00 0
66.209 00000.00 0
66.528 00000.00 0
66.852 00000.00 0
67.176 00000.00 0
67.495 00000.00 0
67.819 00000.00 0
68.143 00000.00 0
68.467 00000.00 0
68.785 00000.00 0
69.109 00000.00 0
69.434 00000.00 0
69.752 00000.00 0
69.933 00662.00 47
70.076 00000.00 0
70.263 00658.00 47
70.400 00000.00 0
70.593 00658.00 47
70.906 00658.00 47
71.230 00658.00 47
71.559 00656.00 47
71.873 00656.00 47
72.202 00656.00 47
72.526 00654.00 47
72.856 00654.00 47
73.169 00652.00 47
73.499 00652.00 47
73.828 00650.00 47
74.136 00648.00 47
74.465 00652.00 47
75.125 00662.00 47
75.564 00000.00 0
75.921 00706.00 47
76.207 00000.00 0
76.531 00000.00 0
77.075 01172.00 47
77.173 00000.00 0
77.498 00000.00 0
77.822 00000.00 0
78.140 00000.00 0
78.420 01620.00 47
78.464 00000.00 0
78.734 01624.00 47
79.058 01626.00 47
79.107 00000.00 0
79.431 00000.00 0
79.651 01646.00 47
79.755 00000.00 0
80.079 00000.00 0
81.370 00000.00 0
82.013 00000.00 0
82.293 00550.00 47
82.337 00000.00 0
82.683 00546.00 47
82.996 00542.00 47
83.326 00542.00 47
83.655 00544.00 47
83.979 00542.00 47
84.293 00538.00 47
84.622 00536.00 47
84.996 00534.00 47
85.325 00532.00 47
85.655 00530.00 47
85.968 00526.00 47
86.292 00524.00 47
86.622 00524.00 47
86.951 00524.00 47
87.264 00524.00 47
87.654 00522.00 47
87.968 00522.00 47
88.292 00520.00 47
88.621 00522.00 47
88.934 00520.00 47
89.264 00516.00 47
89.594 00514.00 47
89.967 00512.00 47
90.297 00512.00 47
90.604 00510.00 47
90.934 00510.00 47
91.263 00508.00 47
91.577 00508.00 47
91.906 00507.00 47
92.230 00506.00 47
92.543 00505.00 47
92.873 00503.00 47
93.203 00503.00 47
93.516 00502.00 47
93.906 00501.00 47
94.219 00500.00 47
94.543 00500.00 47
94.872 00499.00 47
95.186 00497.00 47
95.515 00497.00 47
95.839 00496.00 47
96.152 00497.00 47
96.531 00000.00 0
96.850 00000.00 0
97.174 00000.00 0
97.498 00000.00 0
97.817 00000.00 0
98.141 00000.00 0
98.465 00000.00 0
98.789 00000.00 0
99.058 00496.00 47
99.432 00000.00 0
99.756 00000.00 0
100.031 00492.00 47
100.399 00000.00 0
100.723 00000.00 0
101.047 00000.00 0
101.365 00000.00 0
101.689 00000.00 0
102.014 00000.00 0
102.338 00000.00 0
102.656 00000.00 0
102.980 00000.00 0
103.304 00000.00 0
103.623 00000.00 0
104.271 00000.00 0
104.595 00000.00 0
105.238 00000.00 0
105.562 00000.00 0
106.205 00000.00 0
106.436 00261.00 47
106.529 00000.00 0
106.935 00477.00 47
107.172 00000.00 0
107.402 00261.00 47
107.682 00461.00 47
108.012 00463.00 47
108.144 00000.00 0
108.325 00262.00 47
108.463 00000.00 0
108.918 00468.00 47
109.199 00476.00 47
109.512 00479.00 47
109.841 00480.00 47
110.171 00479.00 47
110.484 00478.00 47
110.808 00476.00 47
111.138 00479.00 47
111.401 00486.00 47
111.714 00485.00 47
112.104 00478.00 47
112.418 00473.00 47
112.808 00470.00 47
113.121 00469.00 47
113.450 00468.00 47
113.780 00467.00 47
114.093 00467.00 47
114.417 00467.00 47
114.747 00466.00 47
115.060 00466.00 47
115.389 00465.00 47
115.714 00465.00 47
116.027 00464.00 47
116.356 00464.00 47
116.730 00463.00 47
117.059 00463.00 47
117.389 00463.00 47
117.702 00463.00 47
118.026 00463.00 47
118.356 00462.00 47
118.669 00462.00 47
118.998 00462.00 47
119.328 00461.00 47
119.636 00461.00 47
119.965 00461.00 47
120.295 00460.00 47
120.608 00461.00 47
120.938 00461.00 47
121.262 00461.00 47
121.575 00460.00 47
121.904 00460.00 47
122.234 00460.00 47
122.542 00460.00 47
122.871 00460.00 47
123.201 00460.00 47
123.514 00460.00 47
123.843 00460.00 47
124.167 00460.00 47
124.481 00460.00 47
124.810 00460.00 47
125.140 00460.00 47
125.453 00461.00 47
125.777 00460.00 47
126.090 00460.00 47
126.420 00460.00 47
126.749 00460.00 47
127.062 00461.00 47
127.386 00461.00 47
127.716 00461.00 47
128.029 00461.00 47
128.359 00461.00 47
128.683 00462.00 47
128.996 00462.00 47
129.326 00462.00 47
129.655 00463.00 47
129.968 00462.00 47
130.292 00463.00 47
130.622 00463.00 47
130.935 00463.00 47
131.265 00463.00 47
131.528 00464.00 47
131.858 00464.00 47
132.171 00464.00 47
132.495 00464.00 47
132.825 00465.00 47
133.138 00465.00 47
133.467 00466.00 47
133.792 00466.00 47
134.105 00466.00 47
134.434 00466.00 47
134.764 00467.00 47
135.077 00468.00 47
135.401 00469.00 47
135.731 00469.00 47
136.044 00470.00 47
136.373 00470.00 47
136.703 00471.00 47
137.010 00472.00 47
137.340 00472.00 47
137.609 00473.00 47
137.933 00474.00 47
138.246 00475.00 47
138.576 00475.00 47
138.906 00477.00 47
139.219 00478.00 47
139.543 00479.00 47
139.812 00483.00 47
140.076 00000.00 0
140.400 00000.00 0
140.724 00000.00 0
141.042 00000.00 0
141.312 00950.00 47
141.367 00000.00 0
141.636 00950.00 47
141.691 00000.00 0
141.965 00952.00 47
142.015 00000.00 0
142.278 00958.00 47
142.333 00000.00 0
142.608 00962.00 47
142.932 00966.00 47
143.245 00974.00 47
144.168 00984.00 47
144.514 01844.00 47
144.844 01858.00 47
144.915 00000.00 0
145.151 01874.00 47
145.239 00000.00 0
145.481 01888.00 47
145.745 01902.00 47
145.882 00000.00 0
146.074 01920.00 47
146.206 00000.00 0
146.404 01938.00 47
146.717 01956.00 47
147.047 01980.00 47
147.371 02008.00 47
147.684 02040.00 47
147.953 02076.00 47
148.277 02068.00 47
148.656 02044.00 47
149.293 02044.00 47
150.029 02960.00 47
150.359 02980.00 47
150.683 02980.00 47
150.996 02952.00 47
151.046 00000.00 0
151.326 02956.00 47
151.639 02956.00 47
151.688 00000.00 0
151.968 02956.00 47
152.012 00000.00 0
152.292 02956.00 47
152.606 02956.00 47
152.935 02992.00 47
153.248 03052.00 47
153.578 03060.00 47
153.885 03056.00 47
154.215 03052.00 47
154.858 03036.00 47
155.764 03192.00 47
156.852 00000.00 0
157.495 00000.00 0
157.747 02948.00 47
157.819 00000.00 0
158.077 02964.00 47
158.401 02960.00 47
158.467 00000.00 0
158.714 02960.00 47
158.785 00000.00 0
159.044 02960.00 47
159.109 00000.00 0
159.357 02956.00 47
159.434 00000.00 0
159.686 02952.00 47
159.752 00000.00 0
160.010 02948.00 47
160.323 02944.00 47
160.653 02940.00 47
160.966 02940.00 47
161.296 02940.00 47
161.609 02952.00 47
161.933 02944.00 47
162.263 02916.00 47
162.576 02900.00 47
162.905 02896.00 47
163.218 02900.00 47
163.542 02896.00 47
163.856 02892.00 47
164.185 02892.00 47
164.515 02884.00 47
164.828 02880.00 47
165.152 02876.00 47
165.465 02872.00 47
166.437 02872.00 47
166.811 02520.00 47
168.140 00000.00 0
168.464 00000.00 0
168.794 00728.00 47
169.124 00724.00 47
169.431 00000.00 0
169.497 00722.00 47
169.827 00720.00 47
170.140 00716.00 47
170.464 00712.00 47
170.793 00710.00 47
171.107 00706.00 47
171.436 00706.00 47
171.749 00704.00 47
172.123 00702.00 47
172.452 00700.00 47
172.776 00696.00 47
173.090 00694.00 47
173.419 00690.00 47
173.732 00688.00 47
174.062 00686.00 47
174.386 00684.00 47
174.765 00682.00 47
175.078 00680.00 47
175.402 00678.00 47
175.715 00676.00 47
176.045 00674.00 47
176.375 00672.00 47
176.682 00670.00 47
177.012 00668.00 47
177.325 00666.00 47
177.654 00666.00 47
178.028 00664.00 47
178.358 00662.00 47
178.671 00660.00 47
178.995 00658.00 47
179.308 00656.00 47
179.637 00656.00 47
179.967 00654.00 47
180.280 00654.00 47
180.604 00650.00 47
180.917 00650.00 47
181.247 00648.00 47
181.620 00646.00 47
181.950 00644.00 47
182.280 00642.00 47
182.593 00642.00 47
182.917 00640.00 47
183.230 00638.00 47
183.560 00638.00 47
183.889 00636.00 47
184.202 00634.00 47
184.526 00634.00 47
184.839 00634.00 47
185.169 00632.00 47
185.543 00630.00 47
185.872 00630.00 47
186.185 00628.00 47
186.515 00626.00 47
186.839 00626.00 47
187.152 00624.00 47
187.482 00624.00 47
187.811 00624.00 47
188.124 00624.00 47
188.448 00622.00 47
188.762 00620.00 47
189.091 00620.00 47
189.421 00618.00 47
189.734 00618.00 47
190.058 00616.00 47
190.371 00616.00 47
190.701 00616.00 47
191.074 00614.00 47
191.404 00614.00 47
191.717 00614.00 47
192.047 00612.00 47
192.371 00612.00 47
193.277 00616.00 47
193.304 00000.00 0
193.623 00000.00 0
193.997 01030.00 47
194.271 00000.00 0
194.310 01030.00 47
194.595 00000.00 0
194.639 01030.00 47
194.914 00000.00 0
194.963 01038.00 47
195.238 00000.00 0
195.276 01060.00 47
195.546 01080.00 47
196.183 01090.00 47
197.496 00000.00 0
198.144 00000.00 0
198.463 00000.00 0
199.111 00000.00 0
199.435 00000.00 0
199.753 00000.00 0
200.078 00000.00 0
200.402 00000.00 0
204.120 00168.00 47
205.779 00174.00 47
206.153 00173.00 47
206.526 00171.00 47
206.851 00000.00 0
207.026 00168.00 47
207.175 00000.00 0
207.296 00169.00 47
207.499 00000.00 0
207.609 00169.00 47
207.817 00000.00 0
207.933 00169.00 47
208.141 00000.00 0
208.312 00168.00 47
208.685 00167.00 47
208.790 00000.00 0
209.108 00000.00 0
209.125 00165.00 47
209.432 00000.00 0
209.498 00163.00 47
209.888 00162.00 47
210.201 00162.00 47
210.531 00162.00 47
210.723 00000.00 0
210.855 00162.00 47
211.047 00000.00 0
211.168 00162.00 47
211.366 00000.00 0
211.542 00161.00 47
211.690 00000.00 0
211.937 00160.00 47
212.014 00000.00 0
212.311 00159.00 47
212.333 00000.00 0
212.657 00000.00 0
212.981 00000.00 0
213.305 00000.00 0
213.624 00000.00 0
213.948 00165.00 47
213.948 00000.00 0
214.272 00000.00 0
214.596 00000.00 0
214.915 00000.00 0
215.239 00000.00 0
215.563 00000.00 0
215.590 00158.00 47
215.881 00000.00 0
215.903 00158.00 47
216.167 00159.00 47
216.205 00000.00 0
216.530 00000.00 0
216.854 00000.00 0
217.172 00000.00 0
217.496 00000.00 0
217.820 00000.00 0
218.145 00000.00 0
219.886 00318.00 47
220.215 00316.00 47
220.589 00315.00 47
220.919 00313.00 47
221.248 00312.00 47
221.622 00310.00 47
221.935 00309.00 47
222.325 00307.00 47
222.638 00305.00 47
222.968 00305.00 47
223.292 00304.00 47
223.671 00301.00 47
223.984 00300.00 47
224.374 00298.00 47
224.687 00297.00 47
225.011 00297.00 47
225.390 00295.00 47
225.714 00293.00 47
226.027 00293.00 47
226.417 00291.00 47
226.730 00290.00 47
227.120 00289.00 47
227.433 00288.00 47
227.763 00287.00 47
228.137 00285.00 47
228.466 00284.00 47
228.779 00284.00 47
229.109 00283.00 47
229.482 00281.00 47
229.812 00280.00 47
230.186 00279.00 47
230.515 00278.00 47
230.823 00278.00 47
231.218 00276.00 47
231.526 00275.00 47
231.855 00275.00 47
232.169 00274.00 47
232.559 00273.00 47
232.872 00273.00 47
233.201 00271.00 47
233.575 00270.00 47
233.904 00270.00 47
234.218 00269.00 47
234.542 00268.00 47
234.871 00268.00 47
235.245 00267.00 47
235.574 00266.00 47
235.887 00265.00 47
236.261 00264.00 47
236.591 00263.00 47
236.920 00263.00 47
237.233 00262.00 47
237.557 00262.00 47
237.936 00261.00 47
238.260 00261.00 47
238.574 00260.00 47
238.903 00259.00 47
239.233 00259.00 47
239.606 00258.00 47
239.936 00257.00 47
240.249 00257.00 47
240.623 00256.00 47
240.952 00256.00 47
241.276 00255.00 47
241.589 00255.00 47
241.919 00254.00 47
242.249 00254.00 47
242.622 00253.00 47
242.952 00253.00 47
243.265 00252.00 47
243.589 00252.00 47
243.902 00252.00 47
244.232 00251.00 47
244.561 00251.00 47
244.935 00250.00 47
245.264 00250.00 47
245.561 00000.00 0
245.577 00249.00 47
245.885 00000.00 0
245.901 00249.00 47
246.209 00000.00 0
246.215 00249.00 47
246.528 00000.00 0
246.594 00248.00 47
246.852 00000.00 0
246.918 00248.00 47
247.247 00247.00 47
247.495 00000.00 0
247.560 00247.00 47
247.824 00249.00 47
249.307 00272.00 47
251.356 00212.00 47
251.620 00214.00 47
251.949 00214.00 47
252.263 00214.00 47
252.592 00215.00 47
252.905 00215.00 47
253.229 00215.00 47
253.559 00215.00 47
253.872 00215.00 47
254.202 00215.00 47
254.515 00215.00 47
254.778 00216.00 47
255.108 00216.00 47
255.421 00216.00 47
255.745 00216.00 47
256.075 00216.00 47
256.388 00217.00 47
256.718 00217.00 47
257.031 00217.00 47
257.355 00217.00 47
257.624 00218.00 47
257.948 00218.00 47
258.261 00218.00 47
258.591 00218.00 47
258.904 00219.00 47
259.233 00219.00 47
259.547 00219.00 47
259.810 00220.00 47
260.140 00220.00 47
260.464 00220.00 47
260.777 00220.00 47
261.107 00221.00 47
261.420 00221.00 47
261.749 00221.00 47
262.013 00222.00 47
262.326 00222.00 47
262.656 00222.00 47
262.980 00223.00 47
263.293 00223.00 47
263.562 00224.00 47
263.886 00224.00 47
264.199 00225.00 47
264.529 00225.00 47
264.858 00225.00 47
265.122 00226.00 47
265.435 00226.00 47
265.765 00227.00 47
266.078 00227.00 47
266.402 00227.00 47
266.671 00228.00 47
266.984 00229.00 47
267.308 00229.00 47
267.578 00230.00 47
267.902 00230.00 47
268.215 00230.00 47
268.544 00231.00 47
268.808 00232.00 47
269.121 00232.00 47
269.451 00233.00 47
269.764 00233.00 47
270.093 00234.00 47
270.357 00235.00 47
270.687 00235.00 47
271.000 00236.00 47
271.263 00237.00 47
271.593 00238.00 47
271.857 00239.00 47
272.170 00239.00 47
272.499 00239.00 47
272.812 00240.00 47
273.137 00241.00 47
273.406 00242.00 47
273.730 00242.00 47
274.043 00243.00 47
274.312 00244.00 47
274.636 00245.00 47
274.949 00245.00 47
275.219 00246.00 47
275.543 00247.00 47
275.872 00248.00 47
276.136 00249.00 47
276.449 00249.00 47
276.779 00250.00 47
277.042 00251.00 47
277.355 00252.00 47
277.685 00253.00 47
277.949 00254.00 47
278.262 00255.00 47
278.591 00256.00 47
278.855 00257.00 47
279.168 00258.00 47
279.498 00258.00 47
279.761 00260.00 47
280.091 00261.00 47
280.404 00261.00 47
280.668 00262.00 47
280.997 00263.00 47
281.310 00264.00 47
281.574 00266.00 47
281.904 00267.00 47
282.167 00268.00 47
282.480 00269.00 47
282.810 00270.00 47
283.074 00271.00 47
283.403 00272.00 47
283.716 00273.00 47
283.980 00275.00 47
284.310 00276.00 47
284.573 00277.00 47
284.886 00278.00 47
285.156 00280.00 47
285.238 00000.00 0
285.480 00281.00 47
285.562 00000.00 0
285.793 00282.00 47
286.062 00284.00 47
286.205 00000.00 0
286.386 00285.00 47
286.529 00000.00 0
286.655 00286.00 47
286.853 00000.00 0
287.172 00000.00 0
287.496 00000.00 0
287.622 00288.00 47
287.820 00000.00 0
288.144 00000.00 0
288.463 00000.00 0
288.787 00000.00 0
289.111 00000.00 0
291.324 00277.00 47
291.638 00277.00 47
291.967 00277.00 47
292.280 00278.00 47
292.604 00279.00 47
292.874 00280.00 47
293.187 00281.00 47
293.511 00282.00 47
293.840 00282.00 47
294.104 00283.00 47
294.417 00284.00 47
294.747 00285.00 47
295.060 00285.00 47
295.323 00287.00 47
295.653 00287.00 47
295.966 00288.00 47
296.296 00289.00 47
296.559 00290.00 47
296.889 00291.00 47
297.202 00292.00 47
297.466 00293.00 47
297.795 00294.00 47
298.109 00295.00 47
298.433 00295.00 47
298.746 00296.00 47
299.015 00297.00 47
299.339 00297.00 47
299.669 00298.00 47
299.982 00299.00 47
300.245 00300.00 47
300.575 00301.00 47
300.888 00302.00 47
301.218 00302.00 47
301.531 00302.00 47
301.794 00304.00 47
302.124 00306.00 47
302.448 00306.00 47
302.761 00307.00 47
303.091 00307.00 47
303.354 00308.00 47
303.668 00310.00 47
303.997 00311.00 47
304.261 00313.00 47
304.574 00314.00 47
304.843 00316.00 47
305.167 00317.00 47
305.480 00319.00 47
305.760 00321.00 47
306.074 00323.00 47
306.343 00325.00 47
306.667 00326.00 47
306.936 00328.00 47
307.249 00330.00 47
307.573 00332.00 47
307.842 00334.00 47
308.167 00336.00 47
308.436 00337.00 47
308.749 00340.00 47
309.012 00342.00 47
309.342 00344.00 47
309.672 00346.00 47
309.935 00348.00 47
310.248 00351.00 47
310.512 00353.00 47
310.842 00354.00 47
311.105 00357.00 47
311.435 00359.00 47
311.699 00362.00 47
312.012 00364.00 47
312.341 00366.00 47
312.605 00369.00 47
312.935 00371.00 47
313.198 00374.00 47
313.511 00377.00 47
313.781 00379.00 47
314.105 00381.00 47
314.374 00385.00 47
314.698 00388.00 47
315.011 00390.00 47
315.280 00393.00 47
315.604 00396.00 47
315.873 00399.00 47
316.203 00402.00 47
316.467 00404.00 47
316.780 00406.00 47
317.109 00408.00 47
317.433 00409.00 47
317.703 00410.00 47
318.010 00414.00 47
318.279 00417.00 47
318.609 00421.00 47
318.873 00424.00 47
319.186 00427.00 47
319.515 00430.00 47
319.779 00432.00 47
320.109 00436.00 47
320.422 00439.00 47
320.685 00443.00 47
321.042 00000.00 0
321.367 00000.00 0
321.652 00447.00 47
321.855 00518.00 47
322.015 00000.00 0
322.185 00516.00 47
322.498 00514.00 47
322.828 00513.00 47
323.201 00511.00 47
323.531 00509.00 47
323.839 00507.00 47
324.168 00506.00 47
324.481 00504.00 47
324.811 00502.00 47
325.184 00501.00 47
325.514 00499.00 47
325.844 00497.00 47
326.151 00496.00 47
326.481 00494.00 47
326.794 00492.00 47
327.184 00491.00 47
327.497 00489.00 47
327.827 00488.00 47
328.156 00486.00 47
328.464 00485.00 47
328.793 00484.00 47
329.167 00482.00 47
329.496 00481.00 47
329.810 00479.00 47
330.139 00478.00 47
330.452 00477.00 47
330.776 00476.00 47
331.106 00474.00 47
331.419 00473.00 47
331.809 00472.00 47
332.122 00471.00 47
332.452 00470.00 47
332.765 00468.00 47
333.089 00468.00 47
333.419 00467.00 47
333.732 00465.00 47
334.061 00464.00 47
334.435 00463.00 47
334.764 00462.00 47
335.078 00461.00 47
335.402 00460.00 47
335.731 00459.00 47
336.044 00458.00 47
336.374 00457.00 47
336.687 00457.00 47
337.011 00456.00 47
337.390 00455.00 47
337.714 00454.00 47
338.027 00453.00 47
338.357 00453.00 47
338.687 00452.00 47
339.000 00451.00 47
339.324 00451.00 47
339.653 00450.00 47
339.966 00449.00 47
340.296 00449.00 47
340.609 00448.00 47
340.999 00447.00 47
341.312 00447.00 47
341.636 00446.00 47
341.949 00445.00 47
342.279 00445.00 47
342.609 00444.00 47
342.922 00444.00 47
343.246 00443.00 47
343.575 00443.00 47
343.889 00442.00 47
344.218 00442.00 47
344.531 00442.00 47
344.855 00441.00 47
345.185 00441.00 47
345.498 00441.00 47
345.828 00440.00 47
346.201 00439.00 47
346.531 00439.00 47
346.838 00439.00 47
347.168 00439.00 47
347.481 00439.00 47
347.811 00438.00 47
348.140 00438.00 47
348.448 00437.00 47
348.777 00437.00 47
349.107 00437.00 47
349.420 00437.00 47
349.750 00436.00 47
350.057 00436.00 47
350.387 00436.00 47
350.717 00436.00 47
351.030 00436.00 47
351.359 00435.00 47
351.667 00435.00 47
351.996 00435.00 47
352.326 00435.00 47
352.639 00435.00 47
352.969 00435.00 47
353.293 00435.00 47
353.606 00435.00 47
353.936 00435.00 47
354.249 00435.00 47
354.573 00435.00 47
354.919 00434.00 47
355.232 00435.00 47
355.562 00435.00 47
355.886 00435.00 47
356.215 00437.00 47
356.484 00441.00 47
356.852 00000.00 0
357.177 00000.00 0
357.451 00445.00 47
357.819 00000.00 0
358.198 00428.00 47
358.467 00432.00 47
358.792 00435.00 47
359.121 00436.00 47
359.434 00436.00 47
359.764 00436.00 47